1782930695440 0.18966740843505328 0
1782930702085 0.12950632711505639 1
1782930707586 0.11250353657710292 2
1782930712585 0.10330146890552148 3
1782930717534 0.09750593765241494 4
1782930722333 0.09281063101204055 5
1782930727072 0.09024575401871915 6
1782930731993 0.08752597092280111 7
1782930736912 0.08578580262379862 8
1782930741736 0.08407246342023987 9
1782930746627 0.08242644799691834 10
1782930751474 0.08138667865944173 11
1782930756794 0.08042271948843573 12
1782930761645 0.07956601429562248 13
1782930766471 0.07882078924592405 14
1782930771322 0.07773743316114252 15
1782930776158 0.07701319037767963 16
1782930781107 0.07649058805599583 17
1782930785927 0.07593805815947474 18
1782930790848 0.07565395021879479 19
1782930795782 0.07481933733330766 20
1782930801929 0.07449641122364448 21
1782930808156 0.07434867363713507 22
1782930814473 0.07403920113706909 23
1782930819637 0.07397206821732928 24
1782930824528 0.07371860672516858 25
1782930829455 0.07316743109293175 26
1782930834338 0.0733950979673803 27
1782930839289 0.07308559601485909 28
1782930844332 0.07292333132287898 29
1782930849284 0.0727256827104307 30
1782930854199 0.07265320251615291 31
1782930859052 0.07250159263946943 32
1782930863917 0.0719994882485732 33
1782930868825 0.07214175342339185 34
1782930874009 0.07197598906966159 35
1782930878864 0.07175910312570025 36
1782930883722 0.07161040883136698 37
1782930888569 0.07183606144095357 38
1782930893364 0.07097123475747105 39
1782930898102 0.07132125557537866 40
1782930902892 0.07108225173210223 41
1782930907708 0.07080956386960813 42
1782930912640 0.07067455511898106 43
1782930917636 0.07061831785038111 44
1782930922462 0.07057258351496469 45
1782930927401 0.0702278686753407 46
1782930932599 0.07010978517885635 47
1782930939072 0.07007416197706844 48
1782930945190 0.06982780834674866 49
